---------------------------------
|  #  |  Time  |   % Infected   | 
---------------------------------
|   1 |     47 |        78.6325 | 
|   2 |     85 |        99.8471 | 
|   5 |     58 |        97.3913 | 
|   7 |     59 |            100 | 
|   9 |     88 |        99.7685 | 
|  10 |     99 |        89.3158 | 
|  11 |     63 |            100 | 
|  12 |    101 |        99.0792 | 
|  14 |     66 |        99.7143 | 
|  15 |     58 |            100 | 
|  16 |    107 |             74 | 
|  17 |     75 |        99.2908 | 
|  18 |     87 |        99.1534 | 
|  19 |     75 |        98.6737 | 
|  20 |     61 |            100 | 
---------------------------------
